crypto:13863.959961
raw_material:2097.44
stock_exchange:5349.299805
forex:1.13738
